2.930988785010413267e-14
-4.590755077937713224e+01
-1.519066547904929791e+02
-1.599148085547980997e+02
-1.243871820249366209e+02
-1.606793115048678260e+02
4.506128029875514329e+01
-5.730798258480739094e+01
-7.891312649889340491e+01
2.242777702405028606e+00
-6.819243720838262135e+00
-7.851078278083591044e+01
-4.939536619003913387e+00
6.463007243837557780e+01
-4.082437968723414201e+01
-1.794104852837920561e+01
5.106928485862953337e+00
-2.909939678387001294e+00
-2.099354595388585309e+01
-2.158246226303602455e+01
-3.594869887836323130e+01
-3.140656505576822255e+01
6.748889498041597435e+00
-2.677325307289333267e+00
-1.150792901641747790e+01
-1.219410148406599070e+01
-1.642644695544067091e+01
2.600374152718300991e+01
-3.781224642740954067e+01
-1.965544307643988375e+01
1.703477347556564325e+01
8.388454783002064374e+00
-3.590109617355252425e+01
2.595747685411762973e+01
-6.068869134209476712e+00
-1.543693091382900917e+01
-2.119035498630093883e+00
-3.553201538014729266e+00
-1.229213978003167007e+01
1.154144849509547832e+01
-2.364770577825807152e+01
-3.870759384521476498e+00
3.510733724092092700e+01
1.210620030056525209e+01
1.896207833271573051e+00
1.542909542328751371e+01
-5.667632212094456889e+00
3.974007186287638937e+00
-1.110590749650638998e+01
4.430703581551176384e+00
-2.191488364666429334e+01
1.086362475889452917e+01
2.313602312394389404e+00
6.155743972066128222e+00
-3.484592992158025648e+00
1.506070898931416657e+00
9.048769495079046266e+00
-2.341587230495286498e+00
7.710715885085645205e+00
-7.776521729808953509e+00
1.520333216431960288e+00
1.373491872857130502e+01
-1.402323957416051847e+01
-4.593293735839967695e+00
-3.291296087031761353e+00
7.653299989586388463e+00
-2.633334304466368181e+00
-1.772688837822985031e+00
-2.086870864415732996e-01
1.114925590281372259e+01
-2.854038716592739000e+00
-4.503807099361083033e+00
-6.613497098531349927e+00
-3.437645155892241178e+00
-5.349503096825456439e+00
3.212784197454096713e+00
-1.593419050432572703e+00
-4.882754643392775762e+00
7.545664362011212489e+00
1.338147568643769603e+00
1.621818392354432703e-01
7.445193465058393301e+00
2.469022884843272259e+00
-7.538955463752583519e-01
-8.717976303847668973e+00
-8.795131932482219694e-01
5.850923088874278477e+00
1.485499013101780896e-01
-2.057653236897221571e+00
7.840164807340685549e+00
-2.270665104334745887e+00
-5.741979298834262835e+00
9.637327959977724845e+00
3.095745082363406286e+00
-2.561754275322911667e+00
4.383415072257147216e+00
-1.127466390350975622e+00
3.685209328317874622e+00
6.737079332514841035e+00
4.641097349554852869e+00
1.257885492025055463e+01
1.904288737986517077e+01
2.552571139565883485e+01
3.392557275901652503e+01
3.532523793402246781e+01
1.892381387070368248e+01
1.037781153903988240e+01
3.885669798796658192e+00
7.137015720187889656e+00
-6.097480085568061092e-01
1.343426661378404674e+01
1.292938551849042383e+01
-4.070009947609157130e+00
-1.217770601436847677e+00
-2.204283279381840099e+00
3.212380216683345946e+00
2.393240568693697945e+00
-1.948187676228011256e+00
4.202320510433986911e+00
3.189461365727120246e+00
-5.690238210117309237e+00
7.726304771068640775e+00
8.013742706660300641e-01
-7.850098506889739092e+00
-5.862047619206055771e+00
-2.103406217385026533e-01
5.141174990253495558e+00
2.194455008157271347e+00
-2.641755388937676585e-01
1.764367710335659645e+00
-1.372750215650313965e+00
6.736697726506761796e-01
-1.968676293871138849e-01
4.114861105148236220e+00
7.507815728143476974e+00
-1.612790671482095650e+00
5.721575250795251755e+00
9.141157207602361723e+00
4.118269896144104436e+00
1.826695621107004897e+00
6.267791118143966500e+00
-7.512188071669347877e+00
8.737359267656996664e+00
5.190403749166081937e+00
-6.460446773806745036e-01
-4.501520872479119362e+00
2.927916821641487921e+00
3.986008862912761685e+00
5.736644224788233437e+00
2.995252741909904870e+00
2.074481806700855913e+01
4.160900139172759538e+01
7.331819605782607141e+01
1.061398297376114925e+02
7.572275972001642685e+01
2.296564267420543715e+01
8.217666958161959911e+00
1.603154141924265019e+01
2.544865782009414801e+01
1.370979363022177111e+01
-6.458259857240256085e-01
-2.012861527586734756e+00
3.722124733815142861e+00
3.439311529191983574e+00
2.346103722821742732e+00
4.579294093290765311e+00
-3.755459163568761305e+00
8.147007277562706706e-01
5.310647428491172661e+00
3.654136295529937239e+00
2.885413722751760890e+00
-8.268603960144442766e-01
-3.802561209461797542e+00
-1.016474788303022514e+00
1.331434163805408577e+00
1.793816754693913662e+00
2.120814582688346306e+01
4.020199306193752875e+01
3.733283279485954864e+01
1.481131257199915296e+01
4.702822847336692647e+00
8.798746063070394641e+00
1.220566170816441343e+01
4.887644496402680616e+00
8.464319256712164119e+00
2.505124714181813594e+00
-8.463774767340060956e-01
7.364157001040743111e+00
1.672931027624085232e+01
4.212400243544571055e+01
8.387147211770142974e+01
1.118596600257739624e+02
5.673760463182716052e+01
2.111959694817110744e+01
1.761164802141403385e+01
2.330527133553543351e+01
9.481475766293421259e+00
1.378106456172056848e+00
2.777459942122109560e+00
2.301263139871062791e+00
-3.985054841556352478e+00
-4.867420464826063053e+00
7.150007757305065326e+00
5.467693274174383333e+00
6.101784237194125993e+00
2.241412061571054881e+00
6.567451203708523977e+00
1.037437378295831358e+01
1.079282561932048523e+01
3.028725907673090489e+01
7.412367419535348745e+01
1.261776512029481125e+02
7.833282074113739668e+01
1.227778911252785043e+01
2.132660989744607605e+01
2.283104288526796211e+01
1.247520953836232849e+01
5.149058832788719897e+00
-8.918204536343117272e-01
3.331694378789603839e+00
7.286120931747687379e+00
1.573743339793333007e+01
3.849266579148392253e+01
5.426848246893204930e+01
1.746254503909152689e+01
1.167090335244968102e+01
1.212314907017101540e+01
2.400357627799941884e+00
-6.367435111837393968e-01
1.432781999024302699e+00
-4.029905778500159741e+00
-3.123475233255626371e+00
-2.609725917992202326e+00
-1.665629625409484005e+00
2.045751681824453883e+00
5.694024844473389635e+00
8.425863401904038597e+00
1.378089639937843813e+01
2.764535071888575857e+01
1.027030519538949704e+02
2.335383150040811415e+02
1.799470730516926835e+02
3.887535842016926324e+01
3.769138233734885546e+01
2.817122643623688560e+01
3.155844062267528560e+00
1.419831462329601557e+00
2.683243660804913944e+00
3.208963880747316644e+00
2.369809286068299325e+00
2.899138993354286598e+00
-3.084684421721425984e+00
-1.874146213917187831e+00
6.697524128651988207e-01
1.295295334042061874e+00
-2.076561841636460404e+00
2.389160315583487293e+00
-1.058629541723083989e-01
2.183653058534459568e+00
2.117973571294630375e+00
-1.019164278947910063e+00
8.414009948080197754e-01
-2.270817424948976537e-01
3.078248254682154794e+00
1.858786646692108135e+01
6.415052806888725456e+01
1.975214620501359377e+02
2.656494682230015201e+02
9.415708119312455437e+01
4.835227918410435421e+01
4.593398872630211827e+01
7.538582763917245799e+00
9.677437072105707472e+00
8.718835681614409694e+00
9.473290753467338732e+00
3.416951645516643765e+00
-1.907393968208587198e-01
-2.579170805148556234e-01
2.714959376262609414e+00
4.710767502151816721e+00
3.319390363900882601e-01
-1.726292646482738391e+00
5.373997046139376010e-01
1.318656960429860803e+00
3.109666630455348635e+00
-4.384480020070761208e-01
-4.813950236446268072e+00
-1.522354865250509892e+00
2.495520008997318406e-01
1.541713245476769778e+01
7.198865508194217000e+01
1.844991889532100231e+02
1.335527048370839793e+02
3.277482387564855060e+01
3.166724042278868723e+01
1.021659118810671529e+01
1.462244765944336855e+01
3.734919001660232141e+01
2.901367964792959953e+01
6.853554409919517809e+00
9.184130545661620459e+00
6.136002260251434137e+00
-2.067054936980663449e+00
8.752062808849279119e-01
1.168607845437530379e-02
2.326089871505465645e-02
3.041791305704491855e+00
-2.654268244061001036e-01
-1.233932343102462248e+00
9.795211055214680940e-02
3.421361576815789896e+00
2.851205215530543846e+00
5.828414745879539893e-02
1.950614499689582715e+01
5.697172572560042170e+01
3.628292680544394955e+01
1.435140768508011355e+01
1.387122351887675897e+01
4.128528049779890807e+01
1.054795110140034637e+02
7.316444305374682244e+01
2.752868066453882534e+01
1.773936636697939662e+01
2.657215122073445901e+00
1.767329267991012642e+00
3.876974064221974992e+00
3.953111256575498444e+00
3.289628883515104185e+00
6.168726392812289294e-01
7.720838531199891719e-02
1.628235292739286244e+00
-6.539219458959313336e-01
1.615528504667145926e+00
7.686805119330964997e-01
1.355083384611157182e+00
-4.729962003908241286e-01
9.426867975653754339e-01
5.712351086239046083e+00
2.015284984422856951e+01
1.123276582290255021e+02
2.154854965015638300e+02
1.131109904822455405e+02
4.177362774126505940e+01
2.257086528332973785e+01
2.590617609904650287e+00
4.730948386028048791e-01
-8.639255795047191544e-01
1.205816273286796747e+00
-1.500254068877208802e+00
-5.394009628797393763e-01
2.879757009290019099e+00
2.706088272158615915e+00
7.562076936577910580e-01
-1.325407461776526130e+00
1.228823039910272419e+00
3.621685688118145396e+00
3.970600625074076184e+00
7.954493688939926699e+00
3.298265463707993206e+01
1.844021733696294518e+02
3.055956541547658389e+02
1.421542827310622670e+02
5.728169498569311457e+01
2.156980754524452948e+01
-7.510840451851000799e-01
1.327147979742549611e+00
7.468987692152029290e-02
-1.004734995495181193e+00
2.153551458464588286e+00
3.422639850710375242e+00
2.870354870446070628e+00
1.448657975396789865e+00
-1.513271359744588596e+00
-3.372784762533439507e-01
1.840236111445606726e+00
1.110470597389422220e+00
6.340788117791427148e-01
1.660752638471575793e+01
1.443122483841497115e+02
3.029258278641924562e+02
1.746030107353978735e+02
6.266395046809838476e+01
2.648440931685257027e+01
1.072587719943456586e+00
5.835162899284975779e-01
9.850853525754494910e-01
-7.992439158466912996e-01
3.884932113954293609e-01
4.391161909568058741e-01
5.474825830088588807e-01
1.329394626676746016e+00
2.338284782899024083e+00
2.094074775181778758e+00
3.841452234409488575e+00
2.344591028381637354e+00
3.318539439319120099e+00
3.526542739826513184e+01
1.512457357370035993e+02
1.591073704424890138e+02
6.253960361881352981e+01
2.598226574179260240e+01
4.148279150492379941e+00
3.532967523747078120e-01
6.579154708620802428e-01
1.287030831744349513e+00
1.738441205069662376e-01
4.293799955616734998e-01
1.097987603563260084e+00
1.569956853418148779e-01
-3.611067341512945172e-01
3.979272858597361906e-01
6.783237348322794791e-01
5.404118554615214842e-01
1.730238775497136228e+00
1.426349711836823886e+01
4.950343710130798058e+01
4.266322795036860782e+01
1.542390980504213260e+01
5.362382160543124776e+00
5.198883065831321204e-01
-1.449024780017309499e-01
3.628820896948496411e-01
5.263070305864905318e-01
2.780984482774572220e-01
1.693167253782530135e-01
2.077653570527044913e-01
7.359819220211691881e-01
6.913635128008630559e-01
1.799546597110511514e-02
7.140802381664829168e-01
1.947114363516458280e+00
1.271423349599986929e+00
8.546649239990095070e-01
9.941353310061563642e-01
1.042964057219569529e+00
1.247543574121916077e+00
1.054417035942506686e+00
1.562871244173483554e+00
1.451699209343898511e+00
9.553926524984576174e-01
6.305461954550540815e-01
6.088551989924122498e-01
6.184529092380739446e-01
4.657231718687250277e-01
3.321132879525401371e-01
6.430591578836620803e-01
4.620034101925710734e-01
5.802576903453636747e-01
3.620044991485643626e-01
4.988774786152992413e-01
3.163247040168961632e-01
4.999637197882781381e-01
6.795313772250294315e-01
5.967663769427540288e-01
7.870404940359948531e-01
6.456808435863230500e-01
6.899270557755923239e-01
7.687749952018693156e-01
6.994881935496285452e-01
6.942366478461179380e-01
6.067469336559873083e-01
6.977387960804896094e-01
6.543673293535192670e-01
1.548573052945837469e-01
6.952710576579536061e-01
1.238153696799095149e+00
2.642546752382666786e-01
-4.980957599273728303e-02
1.161807569701193282e-02
-4.264247130949911160e-03
-1.756184639153885027e-03
1.033165137890337294e-02
1.473750151143288743e-02
-5.977393875807216579e-04
-1.103445697091456380e-03
5.900368568101819946e-04
1.216344345926624864e-03
2.961026475410061861e-03
3.139412110908998410e-04
-2.940621858376462391e-03
-1.959298425739110141e-03
3.154351429586815456e-04
1.418381198548059746e-03
-1.072142270115327995e-03
-3.534073683266391371e-03
3.476755711922425301e-03
-3.831789934170548584e-04
-5.105985630590221917e-03
-5.195387552937157094e-03
-8.972808639626040153e-04
5.382124400905183466e-03
-1.922001074533209036e-03
-3.546815004740861820e-03
-4.653834283627334215e-03
-2.902640768451294952e-03
-1.458135646523440413e-03
2.186537223388882595e-03
-9.200206168069120956e-04
-1.683590239096813268e-02
6.491972635405698910e-02
4.978406924896518204e-02
4.934367845455820203e-04
6.032003370033049532e-03
1.286252043820842669e-02
1.449194830123368485e-02
2.664651067840768245e-03
3.121592494501360289e-03
-6.138174050456171940e-03
-2.137143718426960486e-03
5.190205058837335864e-04
2.356104362817564111e-03
2.245042500499506294e-02
