-2.948010521441273468e+01
1.983735732324055689e+01
-1.019286638868954498e+02
-2.272417013020230456e+02
-3.607076282818496793e+01
-1.717004706234902471e+02
-2.510020630522479479e+01
-9.387334897892583285e+01
-2.986614239901483359e+01
3.646262514792745435e+00
-1.253950056625966880e+01
-3.771534596124835303e+01
-4.624929634123033395e+01
8.543039217852215472e+01
-4.884896451740603851e+01
-3.281079231070147273e+01
5.123008682551736825e+01
-1.359892186729341645e+01
-4.676116130082913713e+01
-2.642841319200328343e+01
-1.897104236695156843e+01
-2.505631555871489624e+01
-1.990663761272689847e+00
-2.145840000882683896e+01
1.206077618436927423e+01
-2.573448528833226234e+01
-3.152592766621575837e+00
1.961062298180947749e+01
-5.712970951029188882e+01
1.080092672749783844e+01
1.922485424564303713e+01
-2.055750959886388074e+01
-2.450799700396757430e+00
-6.450823193102497299e-01
6.258670780388071009e+00
-8.503269420810852353e+00
-2.060541665906389852e+01
5.128243080038562773e+00
-1.440871517805438984e+01
-4.686337989023376949e-01
-5.523001277318869029e+00
-4.439071955712748263e+00
3.065062081791135995e+01
9.818843169607013976e+00
6.681957738330582153e+00
1.312032007515793453e+01
-2.602658874158141789e+00
-4.093701894345040060e+00
-4.186529626070841559e+00
-2.271866539137755492e+00
-1.085337495569186572e+01
6.879219409402535845e+00
-1.528777777477314359e+00
9.104650853406930366e+00
-5.470151957412582533e+00
9.013035154403489457e+00
1.203474778621694607e+00
-1.865840267173146438e+00
1.053018249189087818e+01
-6.344042936492115814e+00
-1.342055509738017349e+00
1.566746085971439051e+01
-1.446936372234277712e+01
-1.264446626209783808e+01
6.436057316623637448e+00
2.047217849546199897e+00
4.912536417791756094e+00
-1.346410536646936507e+01
5.600177588264633854e+00
1.054512471473458035e+01
-6.251097622015912236e+00
-1.806893034818940258e+00
1.003981093023549320e+00
-1.020459318637778168e+01
-8.593715535393084082e+00
7.391319114219255582e+00
4.256892180160708250e+00
-5.698472997524536510e+00
3.165761491332359512e-01
1.824668980568521892e+00
8.842848163199439782e+00
-1.406469237388266347e+00
5.463496023598361617e+00
-1.634621729033731707e+00
-7.676938478724205872e+00
-3.643972249369212157e+00
6.021461002018879682e+00
4.121247853414020668e-01
7.638339460439160788e+00
-3.657135645599165485e-01
-4.080412746053692530e+00
-2.728854695465931179e+00
8.441432919659762391e+00
-3.736239669924331652e-01
1.490335176350703339e+00
2.273838567950753120e+00
1.012489961759275303e-01
4.979012467452631263e+00
5.982183404051816922e+00
1.035489331001208768e+01
9.309751756326317462e+00
2.118486434685890174e+01
2.711034003494784272e+01
2.780067793611199534e+01
3.417725196400021304e+01
1.616270803944383516e+01
1.651426107889779971e+01
7.283624199198825977e+00
-1.502067739760432730e+00
-1.377846323327504008e-01
1.684397485098849856e+01
9.222317589149527706e+00
-3.975668201204340946e-01
-1.641754169388826678e+00
-6.340345131059017980e+00
5.585636978656163265e+00
6.120377574285559064e+00
-5.215542883057237233e+00
4.335496451905961557e+00
6.037605923242805872e-02
1.147928393474811237e+00
4.939300215248787040e+00
-7.608720959697179431e-02
-3.845597135824701862e+00
-1.092817000157826079e+01
8.489834517583513929e+00
1.005844574273560887e+00
3.470156417416006001e-01
2.134177440370699674e+00
-3.617322212451318464e+00
3.403266326439593037e+00
4.088400419393840579e+00
-2.719608445304750433e+00
2.728552063739759337e+00
5.686975115437396866e+00
4.286109372343544166e+00
2.430846963595238108e+00
6.025343431262859539e+00
1.774043113826975659e+00
2.006035413829653891e+00
5.129073839150524172e+00
-4.596212990382848140e+00
4.400611273144414248e+00
7.068109646615700292e+00
-1.197079360279340809e+00
5.101970557057954325e-01
2.566279403026792139e+00
1.271308002071589227e+00
5.406567607096782524e+00
6.966979716767049524e+00
2.949887517704145523e+01
4.463395217093578538e+01
7.226120568927964882e+01
8.990365358494082670e+01
6.488509238534048507e+01
3.279994949849019292e+01
1.232364311409291879e+01
2.087045859197645470e+01
1.893540806164647705e+01
8.404714276798561201e+00
3.023643812522001095e+00
-1.786455600806764910e+00
3.848029962713739316e+00
7.719382977575010685e+00
1.159317765230829522e+00
3.724422369803918720e+00
-8.664154437887461313e-01
-1.802702269544251834e-01
3.540784635164062610e-01
7.005024325339122004e-01
-2.994586927567350898e+00
-1.128235253503055091e+00
4.589150701727073844e-02
2.261871906436405233e+00
-4.347680218684009112e-01
6.165551885817460054e+00
2.718375986246092779e+01
3.604672955794428901e+01
2.946157764072625440e+01
1.785614535653061452e+01
3.016904089857436855e+00
1.346163838824725190e+01
1.153891751268443855e+01
1.301334523562206025e+00
3.066313917193458138e+00
3.775665430405489076e+00
-1.293467375521572871e+00
1.268470019013265215e+01
1.905075375999018661e+01
5.461474046708124774e+01
8.376854528193203464e+01
8.885751006312681000e+01
4.789193860347771903e+01
2.297213352867726499e+01
2.006190686865609152e+01
1.984634886701332235e+01
1.291497424424136575e+01
5.184023274384754743e+00
6.263058964598485545e+00
4.788973292663445847e+00
-2.618996940000346996e+00
4.004181235307992637e+00
1.654007956424368153e+00
5.865535598170255049e+00
5.235846515577402549e+00
4.403004178828803461e+00
5.025788531833222272e+00
6.181134806065253784e+00
1.895685437546635654e+01
3.759216152164017899e+01
8.522184392597739588e+01
1.077448959555253936e+02
6.591895249955032909e+01
1.998318945943773173e+01
1.827061523311611069e+01
2.149315973492922538e+01
5.694114348542939297e+00
-8.274849366338596912e-01
3.592652482454913088e+00
1.963137528587447056e+00
4.092019112019312566e+00
1.525746205659656951e+01
3.849904658449373329e+01
4.300564658551098063e+01
2.517452166682924641e+01
1.229763758404520502e+01
6.305796324942784636e+00
9.784323925196303229e-01
-3.007473146424072930e+00
6.841777577274951838e+00
2.671706271428342827e+00
8.182014631628045098e-01
-3.947960889278077090e-01
6.466512319602180092e-01
4.080524068959563877e+00
8.685803689490779078e+00
-2.973389676696146733e+00
1.623764481283038208e+01
5.306833600439709642e+01
1.386733904552972945e+02
2.202458636984926841e+02
1.428577298806222871e+02
5.322586319360817697e+01
3.788022173958326277e+01
2.491839648964409548e+01
5.532786221714461661e+00
1.585003408235184486e+00
5.803119092195939466e+00
7.939620128014016842e+00
5.665655510187852073e+00
-3.474555099058821983e-01
-2.832844052986080996e+00
3.003481963020678602e+00
-1.626064628112766641e-02
4.801731006507170552e-01
-6.841624864759646707e-01
2.391209839143574545e+00
5.051706060713316404e+00
3.559588426409015849e+00
-4.139494935076174720e+00
2.183341232038995994e+00
-1.485186901115500113e+00
-1.160165343575992880e+00
4.052635110204549029e+00
2.895449908329458566e+01
9.684104288733161070e+01
2.124399432635856897e+02
2.052222651768817627e+02
9.484297815547473931e+01
5.279683266330737723e+01
3.419380092751637790e+01
9.362970351127223978e+00
7.099159970469584024e+00
8.118649906033477137e+00
7.857753864834572610e+00
3.692091111571789597e+00
6.678424791655477311e-01
1.259767394609601077e-01
3.123175077908353359e+00
-3.136583436565243410e-01
-3.387798657503048538e+00
-2.048448395224469198e+00
-2.191153630217639758e+00
9.182948505097137115e-01
-2.394746131195971905e+00
-1.013522918911436754e+00
-1.593736589918807400e+00
-3.465006373891523328e+00
9.217794975875291286e+00
3.359607524702808234e+01
1.021014066514217404e+02
1.626448559476854712e+02
1.038454947923118112e+02
3.898325070858073360e+01
2.570257574959845925e+01
1.055363597138516596e+01
2.388997876750947569e+01
3.899988291630484127e+01
2.407734725046218927e+01
1.036963187056956492e+01
1.050269945898945956e+01
1.844538866846117120e+00
5.729514590032687149e-01
1.552514715308748183e+00
-4.243926769102278840e+00
-2.036388604128804847e+00
1.168446729746854151e+00
-2.253302275761687401e+00
5.645278449756874206e-02
2.081167156322802470e+00
8.596677988751222355e-02
2.258375203448732993e+00
7.516855759895294753e+00
3.023884519227161860e+01
4.655332228402327388e+01
2.983196866069357611e+01
1.358237597094431059e+01
1.755836894607912058e+01
6.315363495129484761e+01
9.259972693660438381e+01
5.470693329088548751e+01
2.602699234611031898e+01
1.159886473334779922e+01
3.469156750515837162e-01
4.642366076878060355e+00
3.302139811045516460e+00
7.684967646805069830e-01
2.487394519500901513e+00
3.328738476806434310e+00
-4.338731734220807823e+00
-2.625210111414432390e+00
-1.889876572783012243e+00
2.191587027381249886e+00
2.586583053063467030e-01
-2.219430108373144916e-01
-7.537333234379937075e-01
2.309442451749520453e-01
1.019536886273810161e+01
4.538028733502684986e+01
1.460322706580662953e+02
1.747968705496495545e+02
9.307969290099318016e+01
4.172783667674100627e+01
1.816264775760006955e+01
8.520803791914784986e-01
2.244099879006643539e-01
3.516484115804685562e-01
-3.573803326776513467e-01
-1.573616730424652665e+00
-5.588573689952855972e-01
1.233024236552205499e+00
1.152622077144793256e+00
-2.384812574703809585e+00
1.046807493601025429e+00
1.104235506304837688e+00
4.165630370828752760e+00
1.884798018321802937e+00
1.564509188813677731e+01
8.290789873338468396e+01
2.253871936464125554e+02
2.404300677915985034e+02
1.213290457872214319e+02
5.006763360868743007e+01
1.629472359855840224e+01
9.458827178549185088e-01
-6.653614719210937389e-01
9.081184941427716817e-02
1.953962633804091187e+00
4.626476418227236209e+00
2.304827664236155815e+00
2.136572653855350445e+00
-6.681361360700168728e-01
-1.519768001591880857e+00
-1.153268545047880123e+00
2.021405334616372951e+00
2.539002520108809779e+00
7.841608739594238209e+00
5.753567568970520085e+01
2.002169849692606931e+02
2.502242294225692092e+02
1.387219926656444215e+02
5.613614407439848009e+01
1.711750806214573828e+01
1.359244409135011100e+00
5.644880007192674132e-01
8.733115744016963777e-01
2.871086618778144750e-01
1.823366460945246015e-01
1.038757012181589889e+00
5.413168535246837276e-01
1.407805251859565843e+00
2.560006013580911066e+00
2.795130748818305033e+00
5.092756938735959693e+00
3.580314223484466041e+00
1.447604069655848136e+01
7.759901784214579834e+01
1.469697881266237403e+02
1.220110472807353403e+02
5.476018987813216654e+01
1.953773577453237209e+01
3.631352889305476062e+00
2.849449905745055078e-02
1.212207292692109917e+00
1.225727400656506871e+00
2.561201084246447213e-01
3.617846472771252264e-01
7.762860781992420023e-01
4.555820295772317619e-01
4.206801705849612105e-01
1.198375649876293858e+00
8.323529261902411491e-01
1.648452360313667375e+00
6.576910921976837798e+00
2.773801405879053306e+01
4.590876025270605965e+01
3.209656058959680536e+01
1.255149232071765297e+01
3.455521416228574783e+00
1.046985291306997690e+00
3.082276621414814510e-01
3.404297610236701743e-01
1.315627418785713931e-01
1.434882213992754174e-01
4.422553727982834748e-01
5.042164434667244510e-01
4.178074598018131636e-01
2.294660722145548393e-01
3.278601672157374081e-01
1.851656401182042888e+00
1.475795284042659361e+00
1.058353743282989701e+00
1.073263429535711300e+00
1.280121712205619877e+00
1.207898021986850257e+00
1.036450695697993307e+00
1.077972780282981047e+00
1.311952052596935037e+00
1.298154560884298592e+00
6.980533289290551391e-01
4.773673366350530411e-01
5.703663955806466124e-01
6.834971885393387181e-01
6.449716980547788303e-01
1.168011486785749953e-01
4.494396870156996959e-01
3.866985344635797683e-01
4.091536815231958668e-01
4.729019103123237588e-01
4.754349927073127646e-01
2.874060134619653706e-01
3.033737124909700600e-01
5.851937001790150639e-01
5.775517358489901110e-01
6.087896609818334026e-01
5.268511900730056263e-01
7.615226851359762072e-01
8.879909441767434020e-01
5.921822043615941888e-01
5.567001197426028059e-01
4.846220266531776066e-01
7.916324994326355835e-01
8.116632428221439710e-01
2.086793156607983091e-01
3.875261694177909999e-01
1.248930616961438478e+00
4.481370683349494843e-01
-6.124056250025849968e-02
1.089505469540173223e-02
-6.798823761929259982e-03
2.143684593636471444e-03
4.806273615855289304e-03
7.968388048281245181e-04
-2.412060319875718954e-03
-3.858770192828443833e-04
-3.118705744190312067e-03
-2.952576372852750569e-03
-3.921245597047083500e-04
-1.332813335486196299e-03
-1.302308759146776976e-03
-3.307433865585792960e-03
-4.059295251194909582e-03
-3.740208182910266868e-03
-1.095577620465484469e-03
4.812808071516951232e-03
2.840872496058655886e-03
-5.005910821342471166e-03
-5.973621913641724047e-03
7.860095700584813789e-04
-1.227037398862849049e-03
-3.276355102938971909e-03
-3.359761193658395047e-03
-1.879123898189204774e-03
2.060367630702332822e-03
1.013752444634048473e-03
-2.382797120542608314e-03
-1.368516634706203787e-03
-5.332460250459991960e-03
-1.954787885311512832e-02
1.440872351494680743e-02
1.533177702554477419e-03
-5.205349735563215112e-03
1.033178139941740015e-02
2.539427917354778255e-02
1.327331999901418258e-02
2.730828265657261195e-03
-6.695164201334861953e-03
-3.001443275057656679e-03
-7.222850455704080651e-03
-6.036504572823677209e-03
1.864211659314581049e-02
6.040351843954891442e-03
